0,273
0,270
288,35
10,192
10,286
10,76
10,266
10,116
10,238
10,140
10,166
10,2
10,3
11,12
11,9
11,10
9,7
9,6
9,1
9,4
8,16
8,14
8,5
8,15
8,4
245,3
245,2
245,1
245,0
223,5
223,4
223,3
223,2
223,1
223,0
222,4
222,3
222,2
222,1
222,0
212,4
212,3
212,2
212,1
212,0
210,12
210,11
210,10
210,9
210,8
210,7
210,6
210,5
210,4
210,3
210,2
210,1
160,4
160,3
160,2
160,1
138,5
138,4
138,3
138,2
138,1
133,5
133,4
133,3
133,2
133,1
105,3
105,1
42,3
42,2
42,1
20,3
20,2
20,1
19,3
19,2
19,1
18,1
12,3
12,2
18,3
12,1
11,30
11,29
11,28
11,27
11,26
11,25
11,24
11,23
14,1
11,22
11,21
11,20
11,19
11,18
11,17
11,16
11,15
